       1       1       1       8      4.8273     13.9983
       0       0       2       6      3.6972     21.5234
       0       2       2      12      2.0309     15.5772
       3       1       1      24      1.6070      6.6586
       2       2       2       8      1.5204     11.9933
       0       4       0       6      1.3264      9.6330
       1       3       3      24      1.3027      4.3611
       2       4       0      24      1.3194      7.9852
       2       2       4      24      1.6315      6.7815
       1       1       5      24      4.6221      3.3800
       3       3       3       8      4.6221      3.3800
       1       1       1       8      4.8273     13.9983
       0       0       2       6      3.6972     21.5234
       0       2       2      12      2.0309     15.5772
       3       1       1      24      1.6070      6.6586
       2       2       2       8      1.5204     11.9933
       0       4       0       6      1.3264      9.6330
       1       3       3      24      1.3027      4.3611
       2       4       0      24      1.3194      7.9852
       2       2       4      24      1.6315      6.7815
       1       1       5      24      4.6221      3.3800
       3       3       3       8      4.6221      3.3800
       1       1       1       8      4.8273     13.9983
       0       0       2       6      3.6972     21.5234
       0       2       2      12      2.0309     15.5772
       3       1       1      24      1.6070      6.6586
       2       2       2       8      1.5204     11.9933
       0       4       0       6      1.3264      9.6330
       1       3       3      24      1.3027      4.3611
       2       4       0      24      1.3194      7.9852
       2       2       4      24      1.6315      6.7815
       1       1       5      24      4.6221      3.3800
       3       3       3       8      4.6221      3.3800
       1       1       1       8      4.8273     13.9983
       0       0       2       6      3.6972     21.5234
       0       2       2      12      2.0309     15.5772
       3       1       1      24      1.6070      6.6586
       2       2       2       8      1.5204     11.9933
       0       4       0       6      1.3264      9.6330
       1       3       3      24      1.3027      4.3611
       2       4       0      24      1.3194      7.9852
       2       2       4      24      1.6315      6.7815
       1       1       5      24      4.6221      3.3800
       3       3       3       8      4.6221      3.3800
       1       1       1       8      4.8273     13.9983
       0       0       2       6      3.6972     21.5234
       0       2       2      12      2.0309     15.5772
       3       1       1      24      1.6070      6.6586
       2       2       2       8      1.5204     11.9933
       0       4       0       6      1.3264      9.6330
       1       3       3      24      1.3027      4.3611
       2       4       0      24      1.3194      7.9852
       2       2       4      24      1.6315      6.7815
       1       1       5      24      4.6221      3.3800
       3       3       3       8      4.6221      3.3800
       1       1       1       8      4.8273     13.9983
       0       0       2       6      3.6972     21.5234
       0       2       2      12      2.0309     15.5772
       3       1       1      24      1.6070      6.6586
       2       2       2       8      1.5204     11.9933
       0       4       0       6      1.3264      9.6330
       1       3       3      24      1.3027      4.3611
       2       4       0      24      1.3194      7.9852
       2       2       4      24      1.6315      6.7815
       1       1       5      24      4.6221      3.3800
       3       3       3       8      4.6221      3.3800
       1       1       1       8      4.8273     13.9983
       0       0       2       6      3.6972     21.5234
       0       2       2      12      2.0309     15.5772
       3       1       1      24      1.6070      6.6586
       2       2       2       8      1.5204     11.9933
       0       4       0       6      1.3264      9.6330
       1       3       3      24      1.3027      4.3611
