       1       0       0       6     13.8216      0.1549
       0       1       1      12      7.0470      0.3477
       1       1       1       8      4.7943      2.0274
       0       0       2       6      3.6727      2.4759
       2       0       1      24      3.0038      0.1217
       1       1       2      24      2.5617      0.3718
       2       0       2      12      2.0192      2.3107
       2       2       1      24      1.8437      0.0924
       0       0       3       6      1.8437      0.0924
       0       1       3      24      1.7071      0.3923
       1       3       1      24      1.5993      1.7196
       2       2       2       8      1.5137      2.1588
       0       2       3      24      1.4458      0.0665
       3       2       1      48      1.3928      0.4096
       4       0       0       6      1.3236      2.0188
       4       0       1      24      1.3058      0.0438
       3       2       2      24      1.3058      0.0438
       1       1       4      24      1.2991      0.4239
       3       0       3      12      1.2991      0.4239
       1       3       3      24      1.3042      1.4606
       0       2       4      24      1.3231      1.8899
       4       2       1      48      1.3590      0.0239
       2       3       3      24      1.4180      0.4356
       2       2       4      24      1.6642      1.7711
       3       0       4      24      1.9368      0.0065
       5       0       0       6      1.9368      0.0065
       3       4       1      48      2.5574      0.4449
       5       1       0      24      2.5574      0.4449
       3       3       3       8      7.2861      1.2425
       1       5       1      24      7.2863      1.2425
       1       0       0       6     13.8216      0.1549
       0       1       1      12      7.0470      0.3477
       1       1       1       8      4.7943      2.0274
       0       0       2       6      3.6727      2.4759
       2       0       1      24      3.0038      0.1217
       1       1       2      24      2.5617      0.3718
       2       0       2      12      2.0192      2.3107
       2       2       1      24      1.8437      0.0924
       0       0       3       6      1.8437      0.0924
       0       1       3      24      1.7071      0.3923
       1       3       1      24      1.5993      1.7196
       2       2       2       8      1.5137      2.1588
       0       2       3      24      1.4458      0.0665
       3       2       1      48      1.3928      0.4096
       4       0       0       6      1.3236      2.0188
       4       0       1      24      1.3058      0.0438
       3       2       2      24      1.3058      0.0438
       1       1       4      24      1.2991      0.4239
       3       0       3      12      1.2991      0.4239
       1       3       3      24      1.3042      1.4606
       0       2       4      24      1.3231      1.8899
       4       2       1      48      1.3590      0.0239
       2       3       3      24      1.4180      0.4356
       2       2       4      24      1.6642      1.7711
       3       0       4      24      1.9368      0.0065
       5       0       0       6      1.9368      0.0065
       3       4       1      48      2.5574      0.4449
       5       1       0      24      2.5574      0.4449
       3       3       3       8      7.2861      1.2425
       1       5       1      24      7.2863      1.2425
       1       0       0       6     13.8216      0.1549
       0       1       1      12      7.0470      0.3477
       1       1       1       8      4.7943      2.0274
       0       0       2       6      3.6727      2.4759
       2       0       1      24      3.0038      0.1217
       1       1       2      24      2.5617      0.3718
       2       0       2      12      2.0192      2.3107
       2       2       1      24      1.8437      0.0924
       0       0       3       6      1.8437      0.0924
       0       1       3      24      1.7071      0.3923
       1       3       1      24      1.5993      1.7196
       2       2       2       8      1.5137      2.1588
       0       2       3      24      1.4458      0.0665
       3       2       1      48      1.3928      0.4096
       4       0       0       6      1.3236      2.0188
       4       0       1      24      1.3058      0.0438
       3       2       2      24      1.3058      0.0438
       1       1       4      24      1.2991      0.4239
       3       0       3      12      1.2991      0.4239
       1       3       3      24      1.3042      1.4606
       0       2       4      24      1.3231      1.8899
       4       2       1      48      1.3590      0.0239
       2       3       3      24      1.4180      0.4356
       2       2       4      24      1.6642      1.7711
       3       0       4      24      1.9368      0.0065
       5       0       0       6      1.9368      0.0065
       3       4       1      48      2.5574      0.4449
       5       1       0      24      2.5574      0.4449
       3       3       3       8      7.2861      1.2425
       1       5       1      24      7.2863      1.2425
       0       1       0       6     13.8219      0.1549
       1       1       0      12      7.0471      0.3477
       1       1       1       8      4.7944      2.0275
       0       2       0       6      3.6727      2.4759
       2       0       1      24      3.0038      0.1217
       1       1       2      24      2.5618      0.3718
       2       2       0      12      2.0193      2.3107
       2       2       1      24      1.8437      0.0924
       0       0       3       6      1.8437      0.0924
       0       1       3      24      1.7071      0.3923
       1       3       1      24      1.5993      1.7196
       2       2       2       8      1.5137      2.1588
       3       2       0      24      1.4459      0.0665
       2       1       3      48      1.3928      0.4096
       4       0       0       6      1.3237      2.0188
       0       4       1      24      1.3058      0.0438
       2       2       3      24      1.3058      0.0438
       1       4       1      24      1.2991      0.4239
       0       3       3      12      1.2991      0.4239
       3       3       1      24      1.3042      1.4606
       2       0       4      24      1.3230      1.8900
       2       1       4      48      1.3589      0.0239
       3       3       2      24      1.4180      0.4356
       2       2       4      24      1.6641      1.7711
       3       0       4      24      1.9367      0.0065
       0       5       0       6      1.9367      0.0065
       0       1       5      24      2.5569      0.4449
       3       1       4      48      2.5569      0.4449
       5       1       1      24      7.2709      1.2425
       3       3       3       8      7.2711      1.2425
       1       0       0       6     13.8216      0.1549
       0       1       1      12      7.0470      0.3477
       1       1       1       8      4.7943      2.0274
       0       0       2       6      3.6727      2.4759
       2       0       1      24      3.0038      0.1217
       1       1       2      24      2.5617      0.3718
       2       0       2      12      2.0192      2.3107
       2       2       1      24      1.8437      0.0924
       0       0       3       6      1.8437      0.0924
       0       1       3      24      1.7071      0.3923
       1       3       1      24      1.5993      1.7196
       2       2       2       8      1.5137      2.1588
       0       2       3      24      1.4458      0.0665
       3       2       1      48      1.3928      0.4096
       4       0       0       6      1.3236      2.0188
       4       0       1      24      1.3058      0.0438
       3       2       2      24      1.3058      0.0438
       1       1       4      24      1.2991      0.4239
       3       0       3      12      1.2991      0.4239
       1       3       3      24      1.3042      1.4606
       0       2       4      24      1.3231      1.8899
       4       2       1      48      1.3590      0.0239
       2       3       3      24      1.4180      0.4356
       2       2       4      24      1.6642      1.7711
       3       0       4      24      1.9368      0.0065
       5       0       0       6      1.9368      0.0065
       3       4       1      48      2.5574      0.4449
       5       1       0      24      2.5574      0.4449
       3       3       3       8      7.2861      1.2424
       1       5       1      24      7.2863      1.2424
       1       0       0       6     13.8216      0.1549
       0       1       1      12      7.0470      0.3477
       1       1       1       8      4.7943      2.0274
       0       0       2       6      3.6727      2.4759
       2       0       1      24      3.0038      0.1217
       1       1       2      24      2.5617      0.3718
       2       0       2      12      2.0192      2.3107
       2       2       1      24      1.8437      0.0924
       0       0       3       6      1.8437      0.0924
       0       1       3      24      1.7071      0.3923
       1       3       1      24      1.5993      1.7196
       2       2       2       8      1.5137      2.1588
       0       2       3      24      1.4458      0.0665
       3       2       1      48      1.3928      0.4096
       4       0       0       6      1.3236      2.0188
       4       0       1      24      1.3058      0.0438
       3       2       2      24      1.3058      0.0438
       1       1       4      24      1.2991      0.4239
       3       0       3      12      1.2991      0.4239
       1       3       3      24      1.3042      1.4606
       0       2       4      24      1.3231      1.8899
       4       2       1      48      1.3590      0.0239
       2       3       3      24      1.4180      0.4356
       2       2       4      24      1.6642      1.7711
       3       0       4      24      1.9368      0.0065
       5       0       0       6      1.9368      0.0065
       3       4       1      48      2.5574      0.4449
       5       1       0      24      2.5574      0.4449
       3       3       3       8      7.2861      1.2425
       1       5       1      24      7.2863      1.2425
       1       0       0       6     13.8216      0.1549
       0       1       1      12      7.0470      0.3477
       1       1       1       8      4.7943      2.0274
       0       0       2       6      3.6727      2.4759
       2       0       1      24      3.0038      0.1217
       1       1       2      24      2.5617      0.3718
       2       0       2      12      2.0192      2.3107
       2       2       1      24      1.8437      0.0924
       0       0       3       6      1.8437      0.0924
       0       1       3      24      1.7071      0.3923
       1       3       1      24      1.5993      1.7196
       2       2       2       8      1.5137      2.1587
       0       2       3      24      1.4458      0.0665
       3       2       1      48      1.3928      0.4096
       4       0       0       6      1.3236      2.0188
       4       0       1      24      1.3058      0.0438
       3       2       2      24      1.3058      0.0438
       1       1       4      24      1.2991      0.4239
       3       0       3      12      1.2991      0.4239
       1       3       3      24      1.3042      1.4606
       0       2       4      24      1.3231      1.8899
       4       2       1      48      1.3590      0.0239
       2       3       3      24      1.4180      0.4356
       2       2       4      24      1.6642      1.7711
       3       0       4      24      1.9368      0.0065
       5       0       0       6      1.9368      0.0065
       3       4       1      48      2.5574      0.4450
       5       1       0      24      2.5574      0.4450
       3       3       3       8      7.2861      1.2424
       1       5       1      24      7.2863      1.2424
       1       0       0       6     13.8216      0.1549
       0       1       1      12      7.0470      0.3477
       1       1       1       8      4.7943      2.0274
       0       0       2       6      3.6727      2.4759
       2       0       1      24      3.0038      0.1217
       1       1       2      24      2.5617      0.3718
       2       0       2      12      2.0192      2.3107
       2       2       1      24      1.8437      0.0924
       0       0       3       6      1.8437      0.0924
       0       1       3      24      1.7071      0.3923
       1       3       1      24      1.5993      1.7196
       2       2       2       8      1.5137      2.1588
       0       2       3      24      1.4458      0.0665
       3       2       1      48      1.3928      0.4096
       4       0       0       6      1.3236      2.0188
       4       0       1      24      1.3058      0.0438
       3       2       2      24      1.3058      0.0438
       1       1       4      24      1.2991      0.4239
       3       0       3      12      1.2991      0.4239
       1       3       3      24      1.3042      1.4606
       0       2       4      24      1.3231      1.8899
       4       2       1      48      1.3590      0.0239
       2       3       3      24      1.4180      0.4356
       2       2       4      24      1.6642      1.7711
       3       0       4      24      1.9368      0.0065
       5       0       0       6      1.9368      0.0065
       3       4       1      48      2.5574      0.4449
       5       1       0      24      2.5574      0.4449
       3       3       3       8      7.2861      1.2425
       1       5       1      24      7.2863      1.2425
       1       0       0       6     13.8216      0.1549
       0       1       1      12      7.0470      0.3477
       1       1       1       8      4.7943      2.0274
       0       0       2       6      3.6727      2.4759
       2       0       1      24      3.0038      0.1217
       1       1       2      24      2.5617      0.3718
       2       0       2      12      2.0192      2.3107
       2       2       1      24      1.8437      0.0924
       0       0       3       6      1.8437      0.0924
       0       1       3      24      1.7071      0.3923
       1       3       1      24      1.5993      1.7196
       2       2       2       8      1.5137      2.1588
       0       2       3      24      1.4458      0.0665
       3       2       1      48      1.3928      0.4096
       4       0       0       6      1.3236      2.0188
       4       0       1      24      1.3058      0.0438
       3       2       2      24      1.3058      0.0438
       1       1       4      24      1.2991      0.4239
       3       0       3      12      1.2991      0.4239
       1       3       3      24      1.3042      1.4606
       0       2       4      24      1.3231      1.8899
       4       2       1      48      1.3590      0.0239
       2       3       3      24      1.4180      0.4356
       2       2       4      24      1.6642      1.7711
       3       0       4      24      1.9368      0.0065
       5       0       0       6      1.9368      0.0065
       3       4       1      48      2.5574      0.4449
       5       1       0      24      2.5574      0.4449
       3       3       3       8      7.2861      1.2425
       1       5       1      24      7.2863      1.2425
       1       0       0       6     13.8216      0.1549
       0       1       1      12      7.0470      0.3477
       1       1       1       8      4.7943      2.0274
       0       0       2       6      3.6727      2.4759
       2       0       1      24      3.0038      0.1217
       1       1       2      24      2.5617      0.3718
       2       0       2      12      2.0192      2.3107
       2       2       1      24      1.8437      0.0924
       0       0       3       6      1.8437      0.0924
       0       1       3      24      1.7071      0.3923
       1       3       1      24      1.5993      1.7196
       2       2       2       8      1.5137      2.1588
       0       2       3      24      1.4458      0.0665
       3       2       1      48      1.3928      0.4096
       4       0       0       6      1.3236      2.0188
       4       0       1      24      1.3058      0.0438
       3       2       2      24      1.3058      0.0438
       1       1       4      24      1.2991      0.4239
       3       0       3      12      1.2991      0.4239
       1       3       3      24      1.3042      1.4606
       0       2       4      24      1.3231      1.8899
       4       2       1      48      1.3590      0.0239
       2       3       3      24      1.4180      0.4356
       2       2       4      24      1.6642      1.7711
       3       0       4      24      1.9368      0.0065
       5       0       0       6      1.9368      0.0065
       3       4       1      48      2.5574      0.4449
       5       1       0      24      2.5574      0.4449
       3       3       3       8      7.2861      1.2425
       1       5       1      24      7.2863      1.2425
       1       0       0       6     13.8216      0.1549
       0       1       1      12      7.0470      0.3477
       1       1       1       8      4.7943      2.0274
       0       0       2       6      3.6727      2.4759
       2       0       1      24      3.0038      0.1217
       1       1       2      24      2.5617      0.3718
       2       0       2      12      2.0192      2.3107
       2       2       1      24      1.8437      0.0924
       0       0       3       6      1.8437      0.0924
       0       1       3      24      1.7071      0.3923
       1       3       1      24      1.5993      1.7196
       2       2       2       8      1.5137      2.1588
       0       2       3      24      1.4458      0.0665
       3       2       1      48      1.3928      0.4096
       4       0       0       6      1.3236      2.0188
       4       0       1      24      1.3058      0.0438
       3       2       2      24      1.3058      0.0438
       1       1       4      24      1.2991      0.4239
       3       0       3      12      1.2991      0.4239
       1       3       3      24      1.3042      1.4606
       0       2       4      24      1.3231      1.8899
       4       2       1      48      1.3590      0.0239
       2       3       3      24      1.4180      0.4356
       2       2       4      24      1.6642      1.7711
       3       0       4      24      1.9368      0.0065
       5       0       0       6      1.9368      0.0065
       3       4       1      48      2.5574      0.4449
       5       1       0      24      2.5574      0.4449
       3       3       3       8      7.2861      1.2425
       1       5       1      24      7.2863      1.2425
       1       0       0       6     13.8216      0.1549
       0       1       1      12      7.0470      0.3477
       1       1       1       8      4.7943      2.0274
       0       0       2       6      3.6727      2.4759
       2       0       1      24      3.0038      0.1217
       1       1       2      24      2.5617      0.3718
       2       0       2      12      2.0192      2.3107
       2       2       1      24      1.8437      0.0924
       0       0       3       6      1.8437      0.0924
       0       1       3      24      1.7071      0.3923
       1       3       1      24      1.5993      1.7196
       2       2       2       8      1.5137      2.1588
       0       2       3      24      1.4458      0.0665
       3       2       1      48      1.3928      0.4096
       4       0       0       6      1.3236      2.0188
       4       0       1      24      1.3058      0.0438
       3       2       2      24      1.3058      0.0438
       1       1       4      24      1.2991      0.4239
       3       0       3      12      1.2991      0.4239
       1       3       3      24      1.3042      1.4606
       0       2       4      24      1.3231      1.8899
       4       2       1      48      1.3590      0.0239
       2       3       3      24      1.4180      0.4356
       2       2       4      24      1.6642      1.7711
       3       0       4      24      1.9368      0.0065
       5       0       0       6      1.9368      0.0065
       3       4       1      48      2.5574      0.4449
       5       1       0      24      2.5574      0.4449
       3       3       3       8      7.2861      1.2425
       1       5       1      24      7.2863      1.2425
       1       0       0       6     13.8216      0.1549
       0       1       1      12      7.0470      0.3477
       1       1       1       8      4.7943      2.0274
       0       0       2       6      3.6727      2.4759
       2       0       1      24      3.0038      0.1217
       1       1       2      24      2.5617      0.3718
       2       0       2      12      2.0192      2.3107
       2       2       1      24      1.8437      0.0924
       0       0       3       6      1.8437      0.0924
       0       1       3      24      1.7071      0.3923
       1       3       1      24      1.5993      1.7196
       2       2       2       8      1.5137      2.1588
       0       2       3      24      1.4458      0.0665
       3       2       1      48      1.3928      0.4096
       4       0       0       6      1.3236      2.0188
       4       0       1      24      1.3058      0.0438
       3       2       2      24      1.3058      0.0438
       1       1       4      24      1.2991      0.4239
       3       0       3      12      1.2991      0.4239
       1       3       3      24      1.3042      1.4606
       0       2       4      24      1.3231      1.8899
       4       2       1      48      1.3590      0.0239
       2       3       3      24      1.4180      0.4356
       2       2       4      24      1.6642      1.7711
       3       0       4      24      1.9368      0.0065
       5       0       0       6      1.9368      0.0065
       3       4       1      48      2.5574      0.4449
       5       1       0      24      2.5574      0.4449
       3       3       3       8      7.2861      1.2425
       1       5       1      24      7.2863      1.2425
       1       0       0       6     13.8216      0.1549
       0       1       1      12      7.0470      0.3477
       1       1       1       8      4.7943      2.0274
       0       0       2       6      3.6727      2.4759
       2       0       1      24      3.0038      0.1217
       1       1       2      24      2.5617      0.3718
       2       0       2      12      2.0192      2.3107
       2       2       1      24      1.8437      0.0924
       0       0       3       6      1.8437      0.0924
       0       1       3      24      1.7071      0.3923
       1       3       1      24      1.5993      1.7196
       2       2       2       8      1.5137      2.1588
       0       2       3      24      1.4458      0.0665
       3       2       1      48      1.3928      0.4096
       4       0       0       6      1.3236      2.0188
       4       0       1      24      1.3058      0.0438
       3       2       2      24      1.3058      0.0438
       1       1       4      24      1.2991      0.4239
       3       0       3      12      1.2991      0.4239
       1       3       3      24      1.3042      1.4606
       0       2       4      24      1.3231      1.8899
       4       2       1      48      1.3590      0.0239
       2       3       3      24      1.4180      0.4356
       2       2       4      24      1.6642      1.7711
       3       0       4      24      1.9368      0.0065
       5       0       0       6      1.9368      0.0065
       3       4       1      48      2.5574      0.4449
       5       1       0      24      2.5574      0.4449
       3       3       3       8      7.2861      1.2425
       1       5       1      24      7.2863      1.2425
       1       0       0       6     13.8216      0.1549
       0       1       1      12      7.0470      0.3477
       1       1       1       8      4.7943      2.0274
       0       0       2       6      3.6727      2.4759
       2       0       1      24      3.0038      0.1217
       1       1       2      24      2.5617      0.3718
       2       0       2      12      2.0192      2.3107
       2       2       1      24      1.8437      0.0924
       0       0       3       6      1.8437      0.0924
       0       1       3      24      1.7071      0.3923
       1       3       1      24      1.5993      1.7196
       2       2       2       8      1.5137      2.1588
       0       2       3      24      1.4458      0.0665
       3       2       1      48      1.3928      0.4096
       4       0       0       6      1.3236      2.0188
       4       0       1      24      1.3058      0.0438
       3       2       2      24      1.3058      0.0438
       1       1       4      24      1.2991      0.4239
       3       0       3      12      1.2991      0.4239
       1       3       3      24      1.3042      1.4606
       0       2       4      24      1.3231      1.8899
       4       2       1      48      1.3590      0.0239
       2       3       3      24      1.4180      0.4356
       2       2       4      24      1.6642      1.7711
       3       0       4      24      1.9368      0.0065
       5       0       0       6      1.9368      0.0065
       3       4       1      48      2.5574      0.4449
       5       1       0      24      2.5574      0.4449
       3       3       3       8      7.2861      1.2425
       1       5       1      24      7.2863      1.2425
       1       0       0       6     13.8216      0.1549
       0       1       1      12      7.0470      0.3477
       1       1       1       8      4.7943      2.0274
       0       0       2       6      3.6727      2.4759
       2       0       1      24      3.0038      0.1217
       1       1       2      24      2.5617      0.3718
       2       0       2      12      2.0192      2.3107
       2       2       1      24      1.8437      0.0924
       0       0       3       6      1.8437      0.0924
       0       1       3      24      1.7071      0.3923
       1       3       1      24      1.5993      1.7196
       2       2       2       8      1.5137      2.1588
       0       2       3      24      1.4458      0.0665
       3       2       1      48      1.3928      0.4096
       4       0       0       6      1.3236      2.0188
       4       0       1      24      1.3058      0.0438
       3       2       2      24      1.3058      0.0438
       1       1       4      24      1.2991      0.4239
       3       0       3      12      1.2991      0.4239
       1       3       3      24      1.3042      1.4606
       0       2       4      24      1.3231      1.8899
       4       2       1      48      1.3590      0.0239
       2       3       3      24      1.4180      0.4356
       2       2       4      24      1.6642      1.7711
       3       0       4      24      1.9368      0.0065
       5       0       0       6      1.9368      0.0065
       3       4       1      48      2.5574      0.4449
       5       1       0      24      2.5574      0.4449
       3       3       3       8      7.2861      1.2425
       1       5       1      24      7.2863      1.2425
       1       0       0       6     13.8216      0.1549
       0       1       1      12      7.0470      0.3477
       1       1       1       8      4.7943      2.0274
       0       0       2       6      3.6727      2.4759
       2       0       1      24      3.0038      0.1217
       1       1       2      24      2.5617      0.3718
       2       0       2      12      2.0192      2.3107
       2       2       1      24      1.8437      0.0924
       0       0       3       6      1.8437      0.0924
       0       1       3      24      1.7071      0.3923
       1       3       1      24      1.5993      1.7196
       2       2       2       8      1.5137      2.1588
       0       2       3      24      1.4458      0.0665
       3       2       1      48      1.3928      0.4096
       4       0       0       6      1.3236      2.0188
       4       0       1      24      1.3058      0.0438
       3       2       2      24      1.3058      0.0438
       1       1       4      24      1.2991      0.4239
       3       0       3      12      1.2991      0.4239
       1       3       3      24      1.3042      1.4606
       0       2       4      24      1.3231      1.8899
       4       2       1      48      1.3590      0.0239
       2       3       3      24      1.4180      0.4356
       2       2       4      24      1.6642      1.7711
       3       0       4      24      1.9368      0.0065
       5       0       0       6      1.9368      0.0065
       3       4       1      48      2.5574      0.4449
       5       1       0      24      2.5574      0.4449
       3       3       3       8      7.2861      1.2425
       1       5       1      24      7.2863      1.2425
       1       0       0       6     13.8216      0.1549
       0       1       1      12      7.0470      0.3477
       1       1       1       8      4.7943      2.0274
       0       0       2       6      3.6727      2.4759
       2       0       1      24      3.0038      0.1217
       1       1       2      24      2.5617      0.3718
       2       0       2      12      2.0192      2.3107
       2       2       1      24      1.8437      0.0924
       0       0       3       6      1.8437      0.0924
       0       1       3      24      1.7071      0.3923
       1       3       1      24      1.5993      1.7196
       2       2       2       8      1.5137      2.1588
       0       2       3      24      1.4458      0.0665
       3       2       1      48      1.3928      0.4096
       4       0       0       6      1.3236      2.0188
       4       0       1      24      1.3058      0.0438
       3       2       2      24      1.3058      0.0438
       1       1       4      24      1.2991      0.4239
       3       0       3      12      1.2991      0.4239
       1       3       3      24      1.3042      1.4606
       0       2       4      24      1.3231      1.8899
       4       2       1      48      1.3590      0.0239
       2       3       3      24      1.4180      0.4356
       2       2       4      24      1.6642      1.7711
       3       0       4      24      1.9368      0.0065
       5       0       0       6      1.9368      0.0065
       3       4       1      48      2.5574      0.4449
       5       1       0      24      2.5574      0.4449
       3       3       3       8      7.2861      1.2425
       1       5       1      24      7.2863      1.2425
       0       0       1       6     13.8214      0.1544
       0       1       1      12      7.0469      0.3480
       1       1       1       8      4.7943      2.0287
       2       0       0       6      3.6726      2.4761
       2       0       1      24      3.0037      0.1192
       2       1       1      24      2.5617      0.3727
       2       2       0      12      2.0192      2.3113
       1       2       2      24      1.8437      0.0880
       0       0       3       6      1.8437      0.0880
       0       1       3      24      1.7071      0.3937
       1       3       1      24      1.5993      1.7241
       2       2       2       8      1.5137      2.1595
       3       2       0      24      1.4458      0.0604
       1       3       2      48      1.3928      0.4114
       0       0       4       6      1.3236      2.0199
       3       2       2      24      1.3058      0.0361
       0       1       4      24      1.3058      0.0361
       4       1       1      24      1.2991      0.4261
       0       3       3      12      1.2991      0.4261
       3       1       3      24      1.3042      1.4680
       2       4       0      24      1.3231      1.8912
       1       2       4      48      1.3590      0.0146
       3       2       3      24      1.4180      0.4382
       2       2       4      24      1.6643      1.7726
       3       0       4      24      1.9370      0.0042
       0       0       5       6      1.9370      0.0042
       5       1       0      24      2.5579      0.4478
       3       1       4      48      2.5579      0.4478
       5       1       1      24      7.2979      1.2526
       3       3       3       8      7.2981      1.2526
       0       0       1       6     13.8217      0.1544
       0       1       1      12      7.0470      0.3480
       1       1       1       8      4.7944      2.0287
       2       0       0       6      3.6727      2.4761
       2       0       1      24      3.0038      0.1192
       2       1       1      24      2.5617      0.3727
       2       2       0      12      2.0192      2.3113
       1       2       2      24      1.8437      0.0880
       0       0       3       6      1.8437      0.0880
       0       1       3      24      1.7071      0.3937
       1       3       1      24      1.5993      1.7241
       2       2       2       8      1.5137      2.1595
       3       2       0      24      1.4458      0.0604
       1       3       2      48      1.3928      0.4114
       0       0       4       6      1.3236      2.0199
       3       2       2      24      1.3058      0.0361
       0       1       4      24      1.3058      0.0361
       4       1       1      24      1.2991      0.4261
       0       3       3      12      1.2991      0.4261
       3       1       3      24      1.3042      1.4680
       2       4       0      24      1.3230      1.8912
       1       2       4      48      1.3590      0.0146
       3       2       3      24      1.4180      0.4382
       2       2       4      24      1.6642      1.7726
       3       0       4      24      1.9368      0.0042
       0       0       5       6      1.9368      0.0042
       5       1       0      24      2.5573      0.4478
       3       1       4      48      2.5573      0.4478
       1       1       5      24      7.2830      1.2526
       3       3       3       8      7.2830      1.2526
       0       0       1       6     13.8214      0.1544
       0       1       1      12      7.0469      0.3480
       1       1       1       8      4.7943      2.0287
       2       0       0       6      3.6726      2.4761
       2       0       1      24      3.0037      0.1192
       2       1       1      24      2.5617      0.3727
       2       2       0      12      2.0192      2.3113
       1       2       2      24      1.8437      0.0880
       0       0       3       6      1.8437      0.0880
       0       1       3      24      1.7071      0.3937
       1       3       1      24      1.5993      1.7241
       2       2       2       8      1.5137      2.1595
       3       2       0      24      1.4458      0.0604
       1       3       2      48      1.3928      0.4114
       0       0       4       6      1.3236      2.0199
       3       2       2      24      1.3058      0.0361
       0       1       4      24      1.3058      0.0361
       4       1       1      24      1.2991      0.4261
       0       3       3      12      1.2991      0.4261
       3       1       3      24      1.3042      1.4680
       2       4       0      24      1.3231      1.8912
       1       2       4      48      1.3590      0.0146
       3       2       3      24      1.4180      0.4382
       2       2       4      24      1.6643      1.7726
       3       0       4      24      1.9370      0.0042
       0       0       5       6      1.9370      0.0042
       5       1       0      24      2.5579      0.4478
       3       1       4      48      2.5579      0.4478
       5       1       1      24      7.2979      1.2526
       3       3       3       8      7.2981      1.2526
       0       0       1       6     13.8214      0.1544
       0       1       1      12      7.0469      0.3480
       1       1       1       8      4.7943      2.0287
       2       0       0       6      3.6726      2.4761
       2       0       1      24      3.0037      0.1192
       2       1       1      24      2.5617      0.3727
       2       2       0      12      2.0192      2.3113
       1       2       2      24      1.8437      0.0880
       0       0       3       6      1.8437      0.0880
       0       1       3      24      1.7071      0.3937
       1       3       1      24      1.5993      1.7241
       2       2       2       8      1.5137      2.1595
       3       2       0      24      1.4458      0.0604
       1       3       2      48      1.3928      0.4114
       0       0       4       6      1.3236      2.0199
       3       2       2      24      1.3058      0.0361
       0       1       4      24      1.3058      0.0361
       4       1       1      24      1.2991      0.4261
       0       3       3      12      1.2991      0.4261
       3       1       3      24      1.3042      1.4680
       2       4       0      24      1.3231      1.8912
       1       2       4      48      1.3590      0.0146
       3       2       3      24      1.4180      0.4382
       2       2       4      24      1.6643      1.7726
       3       0       4      24      1.9370      0.0042
       0       0       5       6      1.9370      0.0042
       5       1       0      24      2.5579      0.4478
       3       1       4      48      2.5579      0.4478
       5       1       1      24      7.2979      1.2526
       3       3       3       8      7.2981      1.2526
       0       0       1       6     13.8214      0.1544
       0       1       1      12      7.0469      0.3480
       1       1       1       8      4.7943      2.0287
       2       0       0       6      3.6726      2.4761
       2       0       1      24      3.0037      0.1192
       2       1       1      24      2.5617      0.3727
       2       2       0      12      2.0192      2.3113
       1       2       2      24      1.8437      0.0880
       0       0       3       6      1.8437      0.0880
       0       1       3      24      1.7071      0.3937
       1       3       1      24      1.5993      1.7241
       2       2       2       8      1.5137      2.1595
       3       2       0      24      1.4458      0.0604
       1       3       2      48      1.3928      0.4114
       0       0       4       6      1.3236      2.0199
       3       2       2      24      1.3058      0.0361
       0       1       4      24      1.3058      0.0361
       4       1       1      24      1.2991      0.4261
       0       3       3      12      1.2991      0.4261
       3       1       3      24      1.3042      1.4680
       2       4       0      24      1.3231      1.8912
       1       2       4      48      1.3590      0.0146
       3       2       3      24      1.4180      0.4382
       2       2       4      24      1.6643      1.7726
       3       0       4      24      1.9370      0.0042
       0       0       5       6      1.9370      0.0042
       5       1       0      24      2.5579      0.4478
       3       1       4      48      2.5579      0.4478
       5       1       1      24      7.2979      1.2526
       3       3       3       8      7.2981      1.2526
       0       0       1       6     13.8214      0.1544
       0       1       1      12      7.0469      0.3480
       1       1       1       8      4.7943      2.0287
       2       0       0       6      3.6726      2.4761
       2       0       1      24      3.0037      0.1192
       2       1       1      24      2.5617      0.3727
       2       2       0      12      2.0192      2.3113
       1       2       2      24      1.8437      0.0880
       0       0       3       6      1.8437      0.0880
       0       1       3      24      1.7071      0.3937
       1       3       1      24      1.5993      1.7241
       2       2       2       8      1.5137      2.1595
       3       2       0      24      1.4458      0.0604
       1       3       2      48      1.3928      0.4114
       0       0       4       6      1.3236      2.0199
       3       2       2      24      1.3058      0.0361
       0       1       4      24      1.3058      0.0361
       4       1       1      24      1.2991      0.4261
       0       3       3      12      1.2991      0.4261
       3       1       3      24      1.3042      1.4680
       2       4       0      24      1.3231      1.8912
       1       2       4      48      1.3590      0.0146
       3       2       3      24      1.4180      0.4382
       2       2       4      24      1.6643      1.7726
       3       0       4      24      1.9370      0.0042
       0       0       5       6      1.9370      0.0042
       5       1       0      24      2.5579      0.4478
       3       1       4      48      2.5579      0.4478
       5       1       1      24      7.2979      1.2526
       3       3       3       8      7.2981      1.2526
       0       0       1       6     13.8214      0.1544
       0       1       1      12      7.0469      0.3480
       1       1       1       8      4.7943      2.0287
       2       0       0       6      3.6726      2.4761
       2       0       1      24      3.0037      0.1192
       2       1       1      24      2.5617      0.3727
       2       2       0      12      2.0192      2.3113
       1       2       2      24      1.8437      0.0880
       0       0       3       6      1.8437      0.0880
       0       1       3      24      1.7071      0.3937
       1       3       1      24      1.5993      1.7241
       2       2       2       8      1.5137      2.1595
       3       2       0      24      1.4458      0.0604
       1       3       2      48      1.3928      0.4114
       0       0       4       6      1.3236      2.0199
       3       2       2      24      1.3058      0.0361
       0       1       4      24      1.3058      0.0361
       4       1       1      24      1.2991      0.4261
       0       3       3      12      1.2991      0.4261
       3       1       3      24      1.3042      1.4680
       2       4       0      24      1.3231      1.8912
       1       2       4      48      1.3590      0.0146
       3       2       3      24      1.4180      0.4382
       2       2       4      24      1.6643      1.7726
       3       0       4      24      1.9370      0.0042
       0       0       5       6      1.9370      0.0042
       5       1       0      24      2.5579      0.4478
       3       1       4      48      2.5579      0.4478
       5       1       1      24      7.2979      1.2526
       3       3       3       8      7.2981      1.2526
       0       0       1       6     13.8214      0.1544
       0       1       1      12      7.0469      0.3480
       1       1       1       8      4.7943      2.0287
       2       0       0       6      3.6726      2.4761
       2       0       1      24      3.0037      0.1192
       2       1       1      24      2.5617      0.3727
       2       2       0      12      2.0192      2.3113
       1       2       2      24      1.8437      0.0880
       0       0       3       6      1.8437      0.0880
       0       1       3      24      1.7071      0.3937
       1       3       1      24      1.5993      1.7241
       2       2       2       8      1.5137      2.1595
       3       2       0      24      1.4458      0.0604
       1       3       2      48      1.3928      0.4114
       0       0       4       6      1.3236      2.0199
       3       2       2      24      1.3058      0.0361
       0       1       4      24      1.3058      0.0361
       4       1       1      24      1.2991      0.4261
       0       3       3      12      1.2991      0.4261
       3       1       3      24      1.3042      1.4680
       2       4       0      24      1.3231      1.8912
       1       2       4      48      1.3590      0.0146
       3       2       3      24      1.4180      0.4382
       2       2       4      24      1.6643      1.7726
       3       0       4      24      1.9370      0.0042
       0       0       5       6      1.9370      0.0042
       5       1       0      24      2.5579      0.4478
       3       1       4      48      2.5579      0.4478
       5       1       1      24      7.2979      1.2526
       3       3       3       8      7.2981      1.2526
       0       0       1       6     13.8214      0.1544
       0       1       1      12      7.0469      0.3480
       1       1       1       8      4.7943      2.0287
       2       0       0       6      3.6726      2.4761
       2       0       1      24      3.0037      0.1192
       2       1       1      24      2.5617      0.3727
       2       2       0      12      2.0192      2.3113
       1       2       2      24      1.8437      0.0880
       0       0       3       6      1.8437      0.0880
       0       1       3      24      1.7071      0.3937
       1       3       1      24      1.5993      1.7241
       2       2       2       8      1.5137      2.1595
       3       2       0      24      1.4458      0.0604
       1       3       2      48      1.3928      0.4114
       0       0       4       6      1.3236      2.0199
       3       2       2      24      1.3058      0.0361
       0       1       4      24      1.3058      0.0361
       4       1       1      24      1.2991      0.4261
       0       3       3      12      1.2991      0.4261
       3       1       3      24      1.3042      1.4680
       2       4       0      24      1.3231      1.8912
       1       2       4      48      1.3590      0.0146
       3       2       3      24      1.4180      0.4382
       2       2       4      24      1.6643      1.7726
       3       0       4      24      1.9370      0.0042
       0       0       5       6      1.9370      0.0042
       5       1       0      24      2.5579      0.4478
       3       1       4      48      2.5579      0.4478
       5       1       1      24      7.2979      1.2526
       3       3       3       8      7.2981      1.2526
       0       0       1       6     13.8214      0.1544
       0       1       1      12      7.0469      0.3480
       1       1       1       8      4.7943      2.0287
       2       0       0       6      3.6726      2.4761
       2       0       1      24      3.0037      0.1192
       2       1       1      24      2.5617      0.3727
       2       2       0      12      2.0192      2.3113
       1       2       2      24      1.8437      0.0880
       0       0       3       6      1.8437      0.0880
       0       1       3      24      1.7071      0.3937
       1       3       1      24      1.5993      1.7241
       2       2       2       8      1.5137      2.1595
       3       2       0      24      1.4458      0.0604
       1       3       2      48      1.3928      0.4114
       0       0       4       6      1.3236      2.0199
       3       2       2      24      1.3058      0.0361
       0       1       4      24      1.3058      0.0361
       4       1       1      24      1.2991      0.4261
       0       3       3      12      1.2991      0.4261
       3       1       3      24      1.3042      1.4680
       2       4       0      24      1.3231      1.8912
       1       2       4      48      1.3590      0.0146
       3       2       3      24      1.4180      0.4382
       2       2       4      24      1.6643      1.7726
       3       0       4      24      1.9370      0.0042
       0       0       5       6      1.9370      0.0042
       5       1       0      24      2.5579      0.4478
       3       1       4      48      2.5579      0.4478
       5       1       1      24      7.2979      1.2526
       3       3       3       8      7.2981      1.2526
       0       0       1       6     13.8214      0.1544
       0       1       1      12      7.0469      0.3480
       1       1       1       8      4.7943      2.0287
       2       0       0       6      3.6726      2.4761
       2       0       1      24      3.0037      0.1192
       2       1       1      24      2.5617      0.3727
       2       2       0      12      2.0192      2.3113
       1       2       2      24      1.8437      0.0880
       0       0       3       6      1.8437      0.0880
       0       1       3      24      1.7071      0.3937
       1       3       1      24      1.5993      1.7241
       2       2       2       8      1.5137      2.1595
       3       2       0      24      1.4458      0.0604
       1       3       2      48      1.3928      0.4114
       0       0       4       6      1.3236      2.0199
       3       2       2      24      1.3058      0.0361
       0       1       4      24      1.3058      0.0361
       4       1       1      24      1.2991      0.4261
       0       3       3      12      1.2991      0.4261
       3       1       3      24      1.3042      1.4680
       2       4       0      24      1.3231      1.8912
       1       2       4      48      1.3590      0.0146
       3       2       3      24      1.4180      0.4382
       2       2       4      24      1.6643      1.7726
       3       0       4      24      1.9370      0.0042
       0       0       5       6      1.9370      0.0042
       5       1       0      24      2.5579      0.4478
       3       1       4      48      2.5579      0.4478
       5       1       1      24      7.2979      1.2526
       3       3       3       8      7.2981      1.2526
       0       0       1       6     13.8214      0.1544
       0       1       1      12      7.0469      0.3480
       1       1       1       8      4.7943      2.0287
       2       0       0       6      3.6726      2.4761
       2       0       1      24      3.0037      0.1192
       2       1       1      24      2.5617      0.3727
       2       2       0      12      2.0192      2.3113
       1       2       2      24      1.8437      0.0880
       0       0       3       6      1.8437      0.0880
       0       1       3      24      1.7071      0.3937
       1       3       1      24      1.5993      1.7241
       2       2       2       8      1.5137      2.1595
       3       2       0      24      1.4458      0.0604
       1       3       2      48      1.3928      0.4114
       0       0       4       6      1.3236      2.0199
       3       2       2      24      1.3058      0.0361
       0       1       4      24      1.3058      0.0361
       4       1       1      24      1.2991      0.4261
       0       3       3      12      1.2991      0.4261
       3       1       3      24      1.3042      1.4680
       2       4       0      24      1.3231      1.8912
       1       2       4      48      1.3590      0.0146
       3       2       3      24      1.4180      0.4382
       2       2       4      24      1.6643      1.7726
       3       0       4      24      1.9370      0.0042
       0       0       5       6      1.9370      0.0042
       5       1       0      24      2.5579      0.4478
       3       1       4      48      2.5579      0.4478
       5       1       1      24      7.2979      1.2526
       3       3       3       8      7.2981      1.2526
       0       0       1       6     13.8214      0.1544
       0       1       1      12      7.0469      0.3480
       1       1       1       8      4.7943      2.0287
       2       0       0       6      3.6726      2.4761
       2       0       1      24      3.0037      0.1192
       2       1       1      24      2.5617      0.3727
       2       2       0      12      2.0192      2.3113
       1       2       2      24      1.8437      0.0880
       0       0       3       6      1.8437      0.0880
       0       1       3      24      1.7071      0.3937
       1       3       1      24      1.5993      1.7241
       2       2       2       8      1.5137      2.1595
       3       2       0      24      1.4458      0.0604
       1       3       2      48      1.3928      0.4114
       0       0       4       6      1.3236      2.0199
       3       2       2      24      1.3058      0.0361
       0       1       4      24      1.3058      0.0361
       4       1       1      24      1.2991      0.4261
       0       3       3      12      1.2991      0.4261
       3       1       3      24      1.3042      1.4680
       2       4       0      24      1.3231      1.8912
       1       2       4      48      1.3590      0.0146
       3       2       3      24      1.4180      0.4382
       2       2       4      24      1.6643      1.7726
       3       0       4      24      1.9370      0.0042
       0       0       5       6      1.9370      0.0042
       5       1       0      24      2.5579      0.4478
       3       1       4      48      2.5579      0.4478
       5       1       1      24      7.2979      1.2526
       3       3       3       8      7.2981      1.2526
       0       0       1       6     13.8214      0.1544
       0       1       1      12      7.0469      0.3480
       1       1       1       8      4.7943      2.0287
       2       0       0       6      3.6726      2.4761
       2       0       1      24      3.0037      0.1192
       2       1       1      24      2.5617      0.3727
       2       2       0      12      2.0192      2.3113
       1       2       2      24      1.8437      0.0880
       0       0       3       6      1.8437      0.0880
       0       1       3      24      1.7071      0.3937
       1       3       1      24      1.5993      1.7241
       2       2       2       8      1.5137      2.1595
       3       2       0      24      1.4458      0.0604
       1       3       2      48      1.3928      0.4114
       0       0       4       6      1.3236      2.0199
       3       2       2      24      1.3058      0.0361
       0       1       4      24      1.3058      0.0361
       4       1       1      24      1.2991      0.4261
       0       3       3      12      1.2991      0.4261
       3       1       3      24      1.3042      1.4680
       2       4       0      24      1.3231      1.8912
       1       2       4      48      1.3590      0.0146
       3       2       3      24      1.4180      0.4382
       2       2       4      24      1.6643      1.7726
       3       0       4      24      1.9370      0.0042
       0       0       5       6      1.9370      0.0042
       5       1       0      24      2.5579      0.4478
       3       1       4      48      2.5579      0.4478
       5       1       1      24      7.2979      1.2526
       3       3       3       8      7.2981      1.2526
       0       0       1       6     13.8214      0.1544
       0       1       1      12      7.0469      0.3480
       1       1       1       8      4.7943      2.0287
       2       0       0       6      3.6726      2.4761
       2       0       1      24      3.0037      0.1192
       2       1       1      24      2.5617      0.3727
       2       2       0      12      2.0192      2.3113
       1       2       2      24      1.8437      0.0880
       0       0       3       6      1.8437      0.0880
       0       1       3      24      1.7071      0.3937
       1       3       1      24      1.5993      1.7241
       2       2       2       8      1.5137      2.1595
       3       2       0      24      1.4458      0.0604
       1       3       2      48      1.3928      0.4114
       0       0       4       6      1.3236      2.0199
       3       2       2      24      1.3058      0.0361
       0       1       4      24      1.3058      0.0361
       4       1       1      24      1.2991      0.4261
       0       3       3      12      1.2991      0.4261
       3       1       3      24      1.3042      1.4680
       2       4       0      24      1.3231      1.8912
       1       2       4      48      1.3590      0.0146
       3       2       3      24      1.4180      0.4382
       2       2       4      24      1.6643      1.7726
       3       0       4      24      1.9370      0.0042
       0       0       5       6      1.9370      0.0042
       5       1       0      24      2.5579      0.4478
       3       1       4      48      2.5579      0.4478
       5       1       1      24      7.2979      1.2526
       3       3       3       8      7.2981      1.2526
       0       0       1       6     13.8214      0.1544
       0       1       1      12      7.0469      0.3480
       1       1       1       8      4.7943      2.0287
       2       0       0       6      3.6726      2.4761
       2       0       1      24      3.0037      0.1192
       2       1       1      24      2.5617      0.3727
       2       2       0      12      2.0192      2.3113
       1       2       2      24      1.8437      0.0880
       0       0       3       6      1.8437      0.0880
       0       1       3      24      1.7071      0.3937
       1       3       1      24      1.5993      1.7241
       2       2       2       8      1.5137      2.1595
       3       2       0      24      1.4458      0.0604
       1       3       2      48      1.3928      0.4114
       0       0       4       6      1.3236      2.0199
       3       2       2      24      1.3058      0.0361
       0       1       4      24      1.3058      0.0361
       4       1       1      24      1.2991      0.4261
       0       3       3      12      1.2991      0.4261
       3       1       3      24      1.3042      1.4680
       2       4       0      24      1.3231      1.8912
       1       2       4      48      1.3590      0.0146
       3       2       3      24      1.4180      0.4382
       2       2       4      24      1.6643      1.7726
       3       0       4      24      1.9370      0.0042
       0       0       5       6      1.9370      0.0042
       5       1       0      24      2.5579      0.4478
       3       1       4      48      2.5579      0.4478
       5       1       1      24      7.2979      1.2526
       3       3       3       8      7.2981      1.2526
       0       0       1       6     13.8211      0.1549
       0       1       1      12      7.0467      0.3478
       1       1       1       8      4.7942      2.0268
       2       0       0       6      3.6725      2.4756
       2       0       1      24      3.0037      0.1221
       2       1       1      24      2.5616      0.3722
       2       2       0      12      2.0192      2.3102
       1       2       2      24      1.8436      0.0932
       0       0       3       6      1.8436      0.0932
       0       1       3      24      1.7070      0.3928
       1       3       1      24      1.5992      1.7174
       2       2       2       8      1.5136      2.1581
       3       2       0      24      1.4458      0.0676
       1       3       2      48      1.3927      0.4103
       0       0       4       6      1.3236      2.0180
       3       2       2      24      1.3058      0.0453
       0       1       4      24      1.3058      0.0453
       4       1       1      24      1.2991      0.4247
       0       3       3      12      1.2991      0.4247
       3       1       3      24      1.3042      1.4572
       2       4       0      24      1.3231      1.8891
       1       2       4      48      1.3590      0.0257
       3       2       3      24      1.4181      0.4366
       2       2       4      24      1.6644      1.7702
       3       0       4      24      1.9372      0.0086
       0       0       5       6      1.9372      0.0086
       5       1       0      24      2.5585      0.4461
       3       1       4      48      2.5585      0.4461
       1       1       5      24      7.3154      1.2381
       3       3       3       8      7.3154      1.2381
       0       0       1       6     13.8211      0.1549
       0       1       1      12      7.0467      0.3479
       1       1       1       8      4.7942      2.0269
       2       0       0       6      3.6725      2.4756
       2       0       1      24      3.0037      0.1219
       2       1       1      24      2.5616      0.3722
       2       2       0      12      2.0192      2.3103
       1       2       2      24      1.8437      0.0928
       0       0       3       6      1.8437      0.0928
       0       1       3      24      1.7070      0.3929
       1       1       3      24      1.5992      1.7179
       2       2       2       8      1.5136      2.1582
       3       2       0      24      1.4458      0.0671
       1       3       2      48      1.3927      0.4103
       0       0       4       6      1.3236      2.0182
       3       2       2      24      1.3058      0.0446
       0       1       4      24      1.3058      0.0446
       4       1       1      24      1.2991      0.4248
       0       3       3      12      1.2991      0.4248
       3       1       3      24      1.3042      1.4580
       2       4       0      24      1.3231      1.8892
       1       2       4      48      1.3590      0.0249
       3       2       3      24      1.4181      0.4367
       2       2       4      24      1.6644      1.7704
       3       0       4      24      1.9372      0.0078
       0       0       5       6      1.9372      0.0078
       5       1       0      24      2.5584      0.4462
       3       1       4      48      2.5584      0.4462
       1       1       5      24      7.3146      1.2392
       3       3       3       8      7.3146      1.2392
       1       0       0       6     13.8213      0.1545
       0       1       1      12      7.0468      0.3480
       1       1       1       8      4.7942      2.0282
       0       2       0       6      3.6726      2.4761
       2       0       1      24      3.0037      0.1201
       1       1       2      24      2.5617      0.3726
       0       2       2      12      2.0192      2.3112
       2       2       1      24      1.8437      0.0896
       0       0       3       6      1.8437      0.0896
       1       3       0      24      1.7071      0.3936
       1       3       1      24      1.5993      1.7222
       2       2       2       8      1.5137      2.1594
       3       0       2      24      1.4458      0.0626
       2       3       1      48      1.3927      0.4113
       0       4       0       6      1.3236      2.0197
       0       4       1      24      1.3058      0.0388
       2       3       2      24      1.3058      0.0388
       4       1       1      24      1.2991      0.4260
       3       0       3      12      1.2991      0.4260
       3       1       3      24      1.3042      1.4650
       4       0       2      24      1.3231      1.8911
       4       1       2      48      1.3590      0.0179
       3       2       3      24      1.4181      0.4380
       2       2       4      24      1.6643      1.7725
       0       0       5       6      1.9371      0.0004
       3       4       0      24      1.9371      0.0004
       1       3       4      48      2.5581      0.4477
       5       1       0      24      2.5581      0.4477
       1       1       5      24      7.3039      1.2485
       3       3       3       8      7.3039      1.2485
       0       0       1       6     13.8214      0.1544
       0       1       1      12      7.0469      0.3480
       1       1       1       8      4.7943      2.0286
       2       0       0       6      3.6726      2.4762
       2       0       1      24      3.0037      0.1195
       2       1       1      24      2.5617      0.3727
       2       2       0      12      2.0192      2.3113
       1       2       2      24      1.8437      0.0885
       0       0       3       6      1.8437      0.0885
       0       1       3      24      1.7071      0.3938
       1       1       3      24      1.5993      1.7235
       2       2       2       8      1.5137      2.1596
       3       2       0      24      1.4458      0.0611
       1       3       2      48      1.3927      0.4115
       0       0       4       6      1.3236      2.0200
       3       2       2      24      1.3058      0.0369
       0       1       4      24      1.3058      0.0369
       1       4       1      24      1.2991      0.4262
       0       3       3      12      1.2991      0.4262
       3       1       3      24      1.3042      1.4672
       4       0       2      24      1.3231      1.8914
       1       2       4      48      1.3590      0.0156
       3       2       3      24      1.4180      0.4383
       2       2       4      24      1.6643      1.7728
       3       0       4      24      1.9370      0.0030
       0       0       5       6      1.9370      0.0030
       5       1       0      24      2.5579      0.4480
       3       1       4      48      2.5579      0.4480
       1       1       5      24      7.2995      1.2514
       3       3       3       8      7.2995      1.2514
       0       0       1       6     13.8214      0.1544
       0       1       1      12      7.0469      0.3480
       1       1       1       8      4.7943      2.0287
       2       0       0       6      3.6726      2.4762
       2       0       1      24      3.0037      0.1193
       2       1       1      24      2.5617      0.3727
       2       2       0      12      2.0192      2.3113
       1       2       2      24      1.8437      0.0882
       0       0       3       6      1.8437      0.0882
       0       1       3      24      1.7071      0.3937
       1       3       1      24      1.5993      1.7239
       2       2       2       8      1.5137      2.1596
       3       2       0      24      1.4458      0.0607
       2       1       3      48      1.3928      0.4115
       0       4       0       6      1.3236      2.0200
       1       0       4      24      1.3058      0.0364
       3       2       2      24      1.3058      0.0364
       1       4       1      24      1.2991      0.4262
       0       3       3      12      1.2991      0.4262
       3       1       3      24      1.3042      1.4678
       4       0       2      24      1.3231      1.8913
       1       4       2      48      1.3590      0.0150
       3       2       3      24      1.4180      0.4382
       2       4       2      24      1.6643      1.7728
       3       0       4      24      1.9370      0.0038
       0       0       5       6      1.9370      0.0038
       3       4       1      48      2.5579      0.4479
       5       0       1      24      2.5579      0.4479
       5       1       1      24      7.2981      1.2522
       3       3       3       8      7.2982      1.2522
       0       0       1       6     13.8214      0.1544
       0       1       1      12      7.0469      0.3480
       1       1       1       8      4.7943      2.0287
       2       0       0       6      3.6726      2.4761
       2       0       1      24      3.0037      0.1193
       2       1       1      24      2.5617      0.3727
       2       2       0      12      2.0192      2.3113
       1       2       2      24      1.8437      0.0881
       0       0       3       6      1.8437      0.0881
       0       1       3      24      1.7071      0.3937
       1       3       1      24      1.5993      1.7240
       2       2       2       8      1.5137      2.1596
       3       2       0      24      1.4458      0.0605
       1       3       2      48      1.3928      0.4114
       0       0       4       6      1.3236      2.0199
       3       2       2      24      1.3058      0.0362
       0       1       4      24      1.3058      0.0362
       4       1       1      24      1.2991      0.4262
       0       3       3      12      1.2991      0.4262
       3       1       3      24      1.3042      1.4679
       2       4       0      24      1.3231      1.8913
       1       2       4      48      1.3590      0.0148
       3       2       3      24      1.4180      0.4382
       2       2       4      24      1.6643      1.7727
       3       0       4      24      1.9370      0.0040
       0       0       5       6      1.9370      0.0040
       5       1       0      24      2.5579      0.4479
       3       1       4      48      2.5579      0.4479
       5       1       1      24      7.2979      1.2524
       3       3       3       8      7.2981      1.2524
       0       0       1       6     13.8214      0.1544
       0       1       1      12      7.0469      0.3480
       1       1       1       8      4.7943      2.0287
       2       0       0       6      3.6726      2.4761
       2       0       1      24      3.0037      0.1192
       2       1       1      24      2.5617      0.3727
       2       2       0      12      2.0192      2.3113
       1       2       2      24      1.8437      0.0881
       0       0       3       6      1.8437      0.0881
       0       1       3      24      1.7071      0.3937
       1       3       1      24      1.5993      1.7240
       2       2       2       8      1.5137      2.1596
       3       2       0      24      1.4458      0.0605
       1       3       2      48      1.3928      0.4114
       0       0       4       6      1.3236      2.0199
       3       2       2      24      1.3058      0.0361
       0       1       4      24      1.3058      0.0361
       4       1       1      24      1.2991      0.4261
       0       3       3      12      1.2991      0.4261
       3       1       3      24      1.3042      1.4680
       2       4       0      24      1.3231      1.8912
       1       2       4      48      1.3590      0.0147
       3       2       3      24      1.4180      0.4382
       2       2       4      24      1.6643      1.7726
       3       0       4      24      1.9370      0.0042
       0       0       5       6      1.9370      0.0042
       5       1       0      24      2.5579      0.4478
       3       1       4      48      2.5579      0.4478
       5       1       1      24      7.2979      1.2525
       3       3       3       8      7.2981      1.2525
       0       0       1       6     13.8214      0.1544
       0       1       1      12      7.0469      0.3480
       1       1       1       8      4.7943      2.0287
       2       0       0       6      3.6726      2.4761
       2       0       1      24      3.0037      0.1192
       2       1       1      24      2.5617      0.3727
       2       2       0      12      2.0192      2.3113
       1       2       2      24      1.8437      0.0881
       0       0       3       6      1.8437      0.0881
       0       1       3      24      1.7071      0.3937
       1       3       1      24      1.5993      1.7240
       2       2       2       8      1.5137      2.1596
       3       2       0      24      1.4458      0.0605
       1       3       2      48      1.3928      0.4114
       0       0       4       6      1.3236      2.0199
       3       2       2      24      1.3058      0.0361
       0       1       4      24      1.3058      0.0361
       4       1       1      24      1.2991      0.4261
       0       3       3      12      1.2991      0.4261
       3       1       3      24      1.3042      1.4680
       2       4       0      24      1.3231      1.8912
       1       2       4      48      1.3590      0.0146
       3       2       3      24      1.4180      0.4382
       2       2       4      24      1.6643      1.7726
       3       0       4      24      1.9370      0.0042
       0       0       5       6      1.9370      0.0042
       5       1       0      24      2.5579      0.4478
       3       1       4      48      2.5579      0.4478
       5       1       1      24      7.2979      1.2526
       3       3       3       8      7.2981      1.2526
       0       0       1       6     13.8214      0.1544
       0       1       1      12      7.0469      0.3480
       1       1       1       8      4.7943      2.0287
       2       0       0       6      3.6726      2.4761
       2       0       1      24      3.0037      0.1192
       2       1       1      24      2.5617      0.3727
       2       2       0      12      2.0192      2.3113
       1       2       2      24      1.8437      0.0880
       0       0       3       6      1.8437      0.0880
       0       1       3      24      1.7071      0.3937
       1       3       1      24      1.5993      1.7241
       2       2       2       8      1.5137      2.1595
       3       2       0      24      1.4458      0.0604
       1       3       2      48      1.3928      0.4114
       0       0       4       6      1.3236      2.0199
       3       2       2      24      1.3058      0.0361
       0       1       4      24      1.3058      0.0361
       4       1       1      24      1.2991      0.4261
       0       3       3      12      1.2991      0.4261
       3       1       3      24      1.3042      1.4680
       2       4       0      24      1.3231      1.8912
       1       2       4      48      1.3590      0.0146
       3       2       3      24      1.4180      0.4382
       2       2       4      24      1.6643      1.7726
       3       0       4      24      1.9370      0.0042
       0       0       5       6      1.9370      0.0042
       5       1       0      24      2.5579      0.4478
       3       1       4      48      2.5579      0.4478
       5       1       1      24      7.2979      1.2526
       3       3       3       8      7.2981      1.2526
       0       0       1       6     13.8214      0.1544
       0       1       1      12      7.0469      0.3480
       1       1       1       8      4.7943      2.0287
       2       0       0       6      3.6726      2.4761
       2       0       1      24      3.0037      0.1192
       2       1       1      24      2.5617      0.3727
       2       2       0      12      2.0192      2.3113
       1       2       2      24      1.8437      0.0880
       0       0       3       6      1.8437      0.0880
       0       1       3      24      1.7071      0.3937
       1       3       1      24      1.5993      1.7241
       2       2       2       8      1.5137      2.1595
       3       2       0      24      1.4458      0.0604
       1       3       2      48      1.3928      0.4114
       0       0       4       6      1.3236      2.0199
       3       2       2      24      1.3058      0.0361
       0       1       4      24      1.3058      0.0361
       4       1       1      24      1.2991      0.4261
       0       3       3      12      1.2991      0.4261
       3       1       3      24      1.3042      1.4680
       2       4       0      24      1.3231      1.8912
       1       2       4      48      1.3590      0.0146
       3       2       3      24      1.4180      0.4382
       2       2       4      24      1.6643      1.7726
       3       0       4      24      1.9370      0.0042
       0       0       5       6      1.9370      0.0042
       5       1       0      24      2.5579      0.4478
       3       1       4      48      2.5579      0.4478
       5       1       1      24      7.2979      1.2526
       3       3       3       8      7.2981      1.2526
       0       0       1       6     13.8214      0.1544
       0       1       1      12      7.0469      0.3480
       1       1       1       8      4.7943      2.0287
       2       0       0       6      3.6726      2.4761
       2       0       1      24      3.0037      0.1192
       2       1       1      24      2.5617      0.3727
       2       2       0      12      2.0192      2.3113
       1       2       2      24      1.8437      0.0880
       0       0       3       6      1.8437      0.0880
       0       1       3      24      1.7071      0.3937
       1       3       1      24      1.5993      1.7241
       2       2       2       8      1.5137      2.1595
       3       2       0      24      1.4458      0.0604
       1       3       2      48      1.3928      0.4114
       0       0       4       6      1.3236      2.0199
       3       2       2      24      1.3058      0.0361
       0       1       4      24      1.3058      0.0361
       4       1       1      24      1.2991      0.4261
       0       3       3      12      1.2991      0.4261
       3       1       3      24      1.3042      1.4680
       2       4       0      24      1.3231      1.8912
       1       2       4      48      1.3590      0.0146
       3       2       3      24      1.4180      0.4382
       2       2       4      24      1.6643      1.7726
       3       0       4      24      1.9370      0.0042
       0       0       5       6      1.9370      0.0042
       5       1       0      24      2.5579      0.4478
       3       1       4      48      2.5579      0.4478
       5       1       1      24      7.2979      1.2526
       3       3       3       8      7.2981      1.2526
       0       0       1       6     13.8214      0.1544
       0       1       1      12      7.0469      0.3480
       1       1       1       8      4.7943      2.0287
       2       0       0       6      3.6726      2.4761
       2       0       1      24      3.0037      0.1192
       2       1       1      24      2.5617      0.3727
       2       2       0      12      2.0192      2.3113
       1       2       2      24      1.8437      0.0880
       0       0       3       6      1.8437      0.0880
       0       1       3      24      1.7071      0.3937
       1       3       1      24      1.5993      1.7241
       2       2       2       8      1.5137      2.1595
       3       2       0      24      1.4458      0.0604
       1       3       2      48      1.3928      0.4114
       0       0       4       6      1.3236      2.0199
       3       2       2      24      1.3058      0.0361
       0       1       4      24      1.3058      0.0361
       4       1       1      24      1.2991      0.4261
       0       3       3      12      1.2991      0.4261
       3       1       3      24      1.3042      1.4680
       2       4       0      24      1.3231      1.8912
       1       2       4      48      1.3590      0.0146
       3       2       3      24      1.4180      0.4382
       2       2       4      24      1.6643      1.7726
       3       0       4      24      1.9370      0.0042
       0       0       5       6      1.9370      0.0042
       5       1       0      24      2.5579      0.4478
       3       1       4      48      2.5579      0.4478
       5       1       1      24      7.2979      1.2526
       3       3       3       8      7.2981      1.2526
